0 5 5 5 5 5 5 5 5 5 5 5
5 0 15 6 9 10 11 8 13 5 11 10
5 15 0 7 8 6 6 14 6 17 6 6
5 6 7 0 10 12 9 16 16 13 8 13
5 9 8 10 0 8 8 8 8 12 8 8
5 10 6 12 8 0 2 17 9 16 10 4
5 11 6 9 8 2 0 12 9 12 10 6
5 8 14 16 8 17 12 0 11 10 10 17
5 13 6 16 8 9 9 11 0 15 9 9
5 5 17 13 12 16 12 10 15 0 12 15
5 11 6 8 8 10 10 10 9 12 0 10
5 10 6 13 8 4 6 17 9 15 10 0