0 8 8 8 8 8 8 8 8 8 8 8 8 8 8 8 8 8 8 8
8 0 7 11 18 14 12 15 2 15 8 4 10 19 6 8 4 18 9 9
8 7 0 7 7 7 7 7 2 7 7 8 7 7 7 7 7 7 7 7
8 11 7 0 7 9 9 9 2 1 8 9 2 7 6 8 4 11 3 19
8 18 7 7 0 7 4 4 2 10 8 9 2 6 6 6 4 17 3 16
8 14 7 9 7 0 9 8 2 8 8 3 3 13 6 13 4 19 3 18
8 12 7 9 4 9 0 3 2 5 8 11 2 10 6 8 4 16 3 17
8 15 7 9 4 8 3 0 2 2 8 5 2 6 6 11 4 11 3 10
8 2 2 2 2 2 2 2 0 2 2 2 2 2 2 2 2 2 2 2
8 15 7 1 10 8 5 2 2 0 8 10 2 1 6 7 4 13 3 16
8 8 7 8 8 8 8 8 2 8 0 12 8 8 8 5 8 8 8 8
8 4 8 9 9 3 11 5 2 10 12 0 7 6 7 4 3 11 9 3
8 10 7 2 2 3 2 2 2 2 8 7 0 2 6 15 4 19 3 18
8 19 7 7 6 13 10 6 2 1 8 6 2 0 6 14 4 11 3 19
8 6 7 6 6 6 6 6 2 6 8 7 6 6 0 14 6 9 6 6
8 8 7 8 6 13 8 11 2 7 5 4 15 14 14 0 8 7 12 6
8 4 7 4 4 4 4 4 2 4 8 3 4 4 6 8 0 12 4 4
8 18 7 11 17 19 16 11 2 13 8 11 19 11 9 7 12 0 15 13
8 9 7 3 3 3 3 3 2 3 8 9 3 3 6 12 4 15 0 16
8 9 7 19 16 18 17 10 2 16 8 3 18 19 6 6 4 13 16 0